2 6 5 2 2 1 1 1 1 cube
0 2 2 1 3 1 1 1 bar1
0 2 1 1 2 1 1 bar2
1 7 1 1 5 1 1 1 1 1 bar3
1 3 3 1 4 1 1 1 1 bar4
1 0 3 3 4 0 0 1 0 1 1 1 1 0 0 1 0 cross1
1 1 4 3 5 0 0 1 0 0 1 1 1 1 1 0 0 1 0 0 cross2
2 5 4 3 3 0 1 0 1 1 1 0 1 0 cross3
1 3 4 4 2 1 0 1 0 1 1 1 0 semiCross1
2 7 2 3 4 1 0 0 0 1 1 1 1 1 0 0 0 semiCross2
2 5 5 3 3 0 0 1 1 1 1 0 0 1 semiCross3
0 2 2 2 3 1 1 1 0 1 0 semiCross4
0 1 3 2 2 1 1 0 1 hook1
0 3 1 2 2 0 1 1 1 hook2
1 4 2 3 2 1 0 1 0 1 1 hook3
2 10 3 4 2 1 0 1 0 1 0 1 1 hook4
2 4 6 2 3 0 0 1 1 1 1 hook5
0 2 3 3 3 1 1 1 0 1 0 1 1 1 exotic1
0 1 2 4 3 0 1 1 0 1 0 0 1 0 1 1 0 exotic2
0 2 1 4 3 0 1 0 1 1 0 0 1 1 0 1 0 exotic3
0 4 2 2 4 1 1 1 0 0 1 1 1 exotic4
0 2 2 3 2 1 1 1 1 0 1 exotic5
1 3 2 3 2 0 1 1 1 1 0 exotic6
1 2 3 2 4 0 1 1 1 1 1 0 0 exotic7
2 3 6 3 3 1 1 0 0 1 1 1 1 0 exotic8
3 8 6 3 3 0 0 1 1 1 1 1 1 0 exotic9
3 10 5 4 2 1 1 1 1 0 1 0 1 exotic10
2 7 4 4 2 1 0 1 1 1 1 1 0 exotic11
3 10 4 3 3 0 0 1 0 1 1 1 1 0 exotic12
3 7 6 2 3 1 1 0 0 1 1 exotic13
0 1 2 3 2 1 1 1 0 1 1 croissant1
1 1 5 2 4 1 0 0 1 1 1 1 1 croissant2
1 5 3 4 3 0 1 0 1 1 1 1 1 1 0 1 0 bigBlock
